10
6 6
1 0 0 1 1 1
1 0 1 1 0 0
0 0 1 1 1 0
1 1 0 0 1 0
1 0 0 0 0 0
1 1 0 0 0 1
2 2
0 0
0 1
6 6
1 1 1 0 1 0
1 1 1 0 0 0
1 1 0 1 1 1
1 0 1 1 0 1
1 1 1 0 0 1
1 1 0 1 0 0
7 9
1 1 1 0 1 0 0 1 1
0 1 1 1 0 0 1 1 0
0 1 1 1 1 0 0 1 1
1 0 0 0 0 1 0 1 1
0 0 1 1 0 1 0 1 0
0 0 1 0 0 0 1 0 0
1 1 0 0 1 0 0 1 1
4 4
1 0 0 1
1 1 1 0
1 0 0 0
1 1 1 1
8 8
0 0 1 1 0 0 0 1
0 0 0 0 0 0 1 0
1 1 1 1 0 1 1 0
1 1 0 1 0 0 0 1
1 0 0 0 1 1 0 1
1 0 0 1 0 0 1 0
1 1 0 0 1 1 0 0
0 0 0 0 0 0 0 1
6 3
1 1 0
1 0 1
0 0 0
0 1 1
1 1 0
0 1 1
6 9
0 0 1 1 0 0 0 1 0
1 0 0 0 1 1 1 1 1
0 1 0 0 0 0 1 0 0
0 1 0 0 0 0 0 0 1
0 1 1 1 1 1 1 1 0
1 1 0 0 1 1 0 0 0
1 5
0 1 0 1 0
9 7
0 0 1 0 1 1 1
1 1 0 0 1 1 1
1 1 0 1 1 1 1
1 0 1 0 0 0 0
0 1 0 0 1 1 0
0 1 1 0 1 1 0
0 0 1 1 0 0 0
0 0 1 0 0 1 0
1 1 1 1 0 0 1
