70 79 14 52 25 20 28 30 75 88 70 43 87 95 67 87 99 26 8 46 72 83 21 66 4 6 97 62 79 44 6 58 93 92 21 61 19 2 54 75 54 39 16 61 1 62 81 74 27 35 36 49 61 46 71 53 
26 25 34 24 57 69 58 10 66 26 40 6 54 51 59 95 72 22 85 51 89 63 66 87 46 11 62 22 90 46 32 22 33 92 70 88 71 26 93 2 19 76 93 21 17 93 49 71 45 52 32 98 56 36 98 41 
36 81 45 54 2 89 35 62 63 73 5 11 56 17 60 18 62 32 55 2 82 24 60 16 67 5 27 66 71 7 91 83 38 30 26 90 28 3 32 33 46 10 25 64 16 6 62 95 2 99 87 76 46 97 68 3 
90 27 89 79 15 43 60 50 79 67 8 75 78 67 8 85 28 26 45 42 65 82 99 64 71 20 55 70 79 81 23 80 74 67 2 78 50 1 92 74 96 59 61 10 54 58 29 67 30 11 75 84 28 14 31 57 
49 28 17 75 50 25 83 84 37 20 22 34 62 71 15 36 29 59 56 33 57 57 15 83 99 72 93 28 32 99 44 59 28 61 44 73 16 67 1 68 58 49 26 17 21 50 65 48 89 33 64 47 27 95 11 86 
96 62 44 87 89 27 65 1 73 6 39 50 86 61 43 73 76 77 56 65 15 4 23 60 84 47 32 12 21 7 37 40 67 99 40 26 98 99 84 31 47 18 43 83 21 86 32 76 3 57 2 46 57 83 40 40 
24 59 28 3 22 99 50 43 25 92 70 18 20 78 38 95 59 60 45 67 66 35 94 85 77 89 27 31 74 31 85 59 73 25 76 8 25 67 37 57 60 3 80 31 10 27 80 66 32 91 70 60 83 7 69 98 
83 87 90 2 1 34 4 30 91 88 56 45 17 89 63 9 20 95 91 1 5 22 66 58 55 52 38 31 43 76 14 55 49 46 78 47 85 64 71 66 37 55 92 81 31 60 48 10 61 57 46 73 96 7 19 32 
97 92 39 28 44 90 63 22 84 76 64 38 11 12 93 86 6 20 41 72 51 96 22 55 25 47 39 51 3 59 97 38 11 45 19 31 4 43 63 37 98 62 7 43 16 36 31 92 89 31 10 30 70 20 29 99 
85 4 61 57 71 88 71 16 44 96 94 42 52 40 51 13 80 88 99 99 14 71 96 77 51 29 51 23 23 62 19 60 91 68 18 95 25 28 19 30 64 88 74 19 96 54 37 25 85 92 63 54 91 22 80 84 
92 12 69 17 21 85 50 91 74 24 88 78 68 93 12 79 4 27 5 38 75 66 40 75 65 67 33 47 83 90 38 40 57 79 32 53 62 22 72 9 20 41 8 55 80 48 12 56 44 94 86 99 91 55 48 82 
8 89 36 45 43 22 52 72 54 97 22 11 87 67 38 48 69 85 16 99 51 73 32 67 9 13 8 17 68 74 80 49 48 56 98 93 57 59 4 3 16 79 49 71 95 38 76 46 32 36 72 82 22 75 40 42 
35 82 81 22 74 74 3 39 9 80 63 35 71 60 5 45 26 21 29 66 70 56 58 64 3 40 78 45 27 64 54 17 68 99 63 40 98 43 28 17 8 62 53 42 42 45 72 63 14 63 94 35 65 26 32 93 
36 5 91 15 10 92 48 91 44 18 50 91 36 93 38 87 24 62 70 72 4 10 89 9 28 90 72 66 20 10 72 52 6 71 18 15 16 69 73 19 54 84 21 70 12 1 41 28 15 13 19 50 36 87 20 48 
6 2 92 59 72 79 15 87 40 36 81 55 33 47 87 42 83 3 99 44 4 65 12 49 30 79 54 93 96 10 98 67 94 66 19 76 21 38 15 36 59 21 61 11 13 25 50 90 23 19 80 29 83 50 48 78 
65 82 11 7 36 8 72 26 9 17 15 49 81 36 94 99 36 98 37 48 94 20 78 86 69 42 11 13 61 1 98 61 77 6 49 9 72 67 75 97 90 20 79 40 4 72 26 49 78 96 39 95 92 18 7 41 
81 1 7 67 1 76 1 72 4 96 76 19 78 33 54 39 14 52 49 83 55 87 70 43 4 32 56 51 53 6 74 73 58 9 76 21 20 95 20 61 28 13 5 24 77 48 82 19 62 93 89 54 39 43 22 60 
12 45 82 99 42 74 72 27 26 10 53 4 53 17 58 54 49 56 4 83 81 78 36 78 31 46 53 6 13 18 73 15 46 56 45 48 28 92 35 96 40 44 53 63 20 27 72 90 26 48 4 64 18 8 62 73 
87 97 79 66 39 22 74 37 54 55 92 98 88 68 38 43 73 68 32 77 38 5 97 59 5 37 5 27 77 4 86 47 39 31 76 91 34 51 11 98 21 91 58 10 12 71 80 57 19 51 55 31 39 91 52 85 
70 82 20 64 5 24 44 57 23 54 29 53 99 20 51 31 41 41 50 46 6 99 28 15 72 78 57 75 49 71 91 27 29 4 1 30 74 81 46 6 21 37 40 80 69 36 22 80 82 63 67 8 71 34 92 50 
35 55 92 89 90 65 88 63 33 22 38 14 72 24 11 76 48 52 79 42 27 44 99 31 68 9 38 38 25 2 86 54 30 18 33 43 20 7 42 99 14 48 53 84 71 56 43 28 36 4 63 12 15 26 7 14 
94 42 25 2 14 40 71 96 84 29 46 74 53 6 8 42 36 99 42 54 43 85 35 63 68 3 40 98 46 75 95 1 94 66 34 85 2 92 47 83 33 49 74 44 82 4 12 40 2 98 67 35 60 85 46 60 
41 3 36 9 43 42 64 36 2 38 87 53 28 91 62 53 95 71 75 24 12 11 29 47 46 40 19 93 71 23 96 54 45 2 21 47 80 92 56 2 70 56 64 11 92 61 11 26 58 90 83 69 33 92 74 35 
54 99 43 18 55 95 30 78 31 64 88 65 79 45 79 93 2 71 96 48 90 31 94 45 28 22 68 94 41 52 51 53 80 52 59 76 51 9 24 67 82 57 89 56 87 12 32 44 48 17 62 31 47 11 83 12 
46 33 45 5 48 21 60 59 27 9 3 32 61 45 7 47 96 38 97 9 92 42 45 81 78 41 72 94 64 6 47 18 32 57 61 12 12 47 21 1 8 36 12 74 28 88 55 80 95 96 34 66 39 18 70 31 
66 85 68 99 86 22 22 78 5 68 67 66 87 3 25 39 15 20 2 67 63 85 23 70 16 82 32 80 25 7 98 39 92 77 25 46 35 52 43 76 24 21 16 36 35 36 3 59 13 88 98 32 5 72 9 7 
38 65 38 32 69 51 43 64 24 29 1 64 99 1 42 69 99 58 62 22 70 47 55 71 34 98 42 83 65 61 37 24 42 22 72 12 29 28 40 33 58 98 9 64 4 85 9 66 20 36 15 88 39 22 87 64 
21 11 65 22 82 62 79 18 17 80 73 98 39 65 99 25 83 38 16 50 79 76 34 6 49 75 58 77 40 74 39 43 32 96 43 11 90 23 15 86 1 96 74 13 60 43 92 96 48 72 30 3 70 60 53 73 
65 11 5 81 11 39 50 76 19 63 59 49 98 79 7 8 13 38 25 31 13 53 54 12 62 13 56 49 15 43 1 42 95 2 4 29 70 36 73 63 39 68 90 48 79 72 22 31 48 61 7 94 80 49 68 91 
64 55 50 85 30 23 79 37 14 42 54 66 19 29 60 64 96 80 9 97 31 78 96 98 34 85 7 7 18 30 95 38 65 66 22 84 25 96 90 40 2 46 4 24 33 36 59 44 44 39 8 9 94 7 42 12 
44 20 47 8 54 34 72 40 12 99 18 87 21 58 32 41 79 5 6 28 93 91 95 30 61 49 44 6 68 41 64 30 87 21 95 1 80 80 5 51 44 84 2 62 3 76 94 14 73 9 35 81 58 8 91 78 
84 71 70 75 52 9 9 41 6 77 31 10 63 85 89 58 69 28 69 97 86 86 99 28 71 17 54 27 52 87 27 3 14 27 99 85 17 9 66 54 96 68 30 49 50 36 95 15 54 43 74 14 2 29 87 41 
75 75 11 44 5 8 68 70 94 65 55 61 13 90 60 31 60 43 76 13 24 61 6 65 40 64 95 40 12 84 1 98 82 71 55 72 93 99 66 69 4 36 35 46 46 99 34 1 20 83 28 7 52 45 26 94 
