56 33
70 26 36 90 49 96 24 83 97 85 92 8 35 36 6 65 81 12 87 70 35 94 41 54 46 66 38 21 65 64 44 84 75
79 25 81 27 28 62 59 87 92 4 12 89 82 5 2 82 1 45 97 82 55 42 3 99 33 85 65 11 11 55 20 71 75
14 34 45 89 17 44 28 90 39 61 69 36 81 91 92 11 7 82 79 20 92 25 36 43 45 68 38 65 5 50 47 70 11
52 24 54 79 75 87 3 2 28 57 17 45 22 15 59 7 67 99 66 64 89 2 9 18 5 99 32 22 81 85 8 75 44
25 57 2 15 50 89 22 1 44 71 21 43 74 10 72 36 1 42 39 5 90 14 43 55 48 86 69 82 11 30 54 52 5
20 69 89 43 25 27 99 34 90 88 85 22 74 92 79 8 76 74 22 24 65 40 42 95 21 22 51 62 39 23 34 9 8
28 58 35 60 83 65 50 4 63 71 50 52 3 48 15 72 1 72 74 44 88 71 64 30 60 22 43 79 50 79 72 9 68
30 10 62 50 84 1 43 30 22 16 91 72 39 91 87 26 72 27 37 57 63 96 36 78 59 78 64 18 76 37 40 41 70
75 66 63 79 37 73 25 91 84 44 74 54 9 44 40 9 4 26 54 23 33 84 2 31 27 5 24 17 19 14 12 6 94
88 26 73 67 20 6 92 88 76 96 24 97 80 18 36 17 96 10 55 54 22 29 38 64 9 68 29 80 63 42 99 77 65
70 40 5 8 22 39 70 56 64 94 88 22 63 50 81 15 76 53 92 29 38 46 87 88 3 67 1 73 59 54 18 31 55
43 6 11 75 34 50 18 45 38 42 78 11 35 91 55 49 19 4 98 53 14 74 53 65 32 66 64 98 49 66 87 10 61
87 54 56 78 62 86 20 17 11 52 68 87 71 36 33 81 78 53 88 99 72 53 28 79 61 87 99 39 98 19 21 63 13
95 51 17 67 71 61 78 89 12 40 93 67 60 93 47 36 33 17 68 20 24 6 91 45 45 3 1 65 79 29 58 85 90
67 59 60 8 15 43 38 63 93 51 12 38 5 38 87 94 54 58 38 51 11 8 62 79 7 25 42 99 7 60 32 89 60
87 95 18 85 36 73 95 9 86 13 79 48 45 87 42 99 39 54 43 31 76 42 53 93 47 39 69 25 8 64 41 58 31
99 72 62 28 29 76 59 20 6 80 4 69 26 24 83 36 14 49 73 41 48 36 95 2 96 15 99 83 13 96 79 69 60
26 22 32 26 59 77 60 95 20 88 27 85 21 62 3 98 52 56 68 41 52 99 71 71 38 20 58 38 38 80 5 28 43
8 85 55 45 56 56 45 91 41 99 5 16 29 70 99 37 49 4 32 50 79 42 75 96 97 2 62 16 25 9 6 69 76
46 51 2 42 33 65 67 1 72 99 38 99 66 72 44 48 83 83 77 46 42 54 24 48 9 67 22 50 31 97 28 97 13
72 89 82 65 57 15 66 5 51 14 75 51 70 4 4 94 55 81 38 6 27 43 12 90 92 63 70 79 13 31 93 86 24
83 63 24 82 57 4 35 22 96 71 66 73 56 10 65 20 87 78 5 99 44 85 11 31 42 85 47 76 53 78 91 86 61
21 66 60 99 15 23 94 66 22 96 40 32 58 89 12 78 70 36 97 28 99 35 29 94 45 23 55 34 54 96 95 99 6
66 87 16 64 83 60 85 58 55 77 75 67 64 9 49 86 43 78 59 15 31 63 47 45 81 70 71 6 12 98 30 28 65
4 46 67 71 99 84 77 55 25 51 65 9 3 28 30 69 4 31 5 72 68 68 46 28 78 16 34 49 62 34 61 71 40
6 11 5 20 72 47 89 52 47 29 67 13 40 90 79 42 32 46 37 78 9 3 40 22 41 82 98 75 13 85 49 17 64
97 62 27 55 93 32 27 38 39 51 33 8 78 72 54 11 56 53 5 57 38 40 19 68 72 32 42 58 56 7 44 54 95
62 22 66 70 28 12 31 31 51 23 47 17 45 66 93 13 51 6 27 75 38 98 93 94 94 80 83 77 49 7 6 27 40
79 90 71 79 32 21 74 43 3 23 83 68 27 20 96 61 53 13 77 49 25 46 71 41 64 25 65 40 15 18 68 52 12
44 46 7 81 99 7 31 76 59 62 90 74 64 10 10 1 6 18 4 71 2 75 23 52 6 7 61 74 43 30 41 87 84
6 32 91 23 44 37 85 14 97 19 38 80 54 72 98 98 74 73 86 91 86 95 96 51 47 98 37 39 1 95 64 27 1
58 22 83 80 59 40 59 55 38 60 40 49 17 52 67 61 73 15 47 27 54 1 54 53 18 39 24 43 42 38 30 3 98
93 33 38 74 28 67 73 49 11 91 57 48 68 6 94 77 58 46 39 29 30 94 45 80 32 92 42 32 95 65 87 14 82
92 92 30 67 61 99 25 46 45 68 79 56 99 71 66 6 9 56 31 4 18 66 2 52 57 77 22 96 2 66 21 27 71
21 70 26 2 44 40 76 78 19 18 32 98 63 18 19 49 76 45 76 1 33 34 21 59 61 25 72 43 4 22 95 99 55
61 88 90 78 73 26 8 47 31 95 53 93 40 15 76 9 21 48 91 30 43 85 47 76 12 46 12 11 29 84 1 85 72
19 71 28 50 16 98 25 85 4 25 62 57 98 16 21 72 20 28 34 74 20 2 80 51 12 35 29 90 70 25 80 17 93
2 26 3 1 67 99 67 64 43 28 22 59 43 69 38 67 95 92 51 81 7 92 92 9 47 52 28 23 36 96 80 9 99
54 93 32 92 1 84 37 71 63 19 72 4 28 73 15 75 20 35 11 46 42 47 56 24 21 43 40 15 73 90 5 66 66
75 2 33 74 68 31 57 66 37 30 9 3 17 19 36 97 61 96 98 6 99 83 2 67 1 76 33 86 63 40 51 54 69
54 19 46 96 58 47 60 37 98 64 20 16 8 54 59 90 28 40 21 21 14 33 70 82 8 24 58 1 39 2 44 96 4
39 76 10 59 49 18 3 55 62 88 41 79 62 84 21 20 13 44 91 37 48 49 56 57 36 21 98 96 68 46 84 68 36
16 93 25 61 26 43 80 92 7 74 8 49 53 21 61 79 5 53 58 40 53 74 64 89 12 16 9 74 90 4 2 30 35
61 21 64 10 17 83 31 81 43 19 55 71 42 70 11 40 24 63 10 80 84 44 11 56 74 36 64 13 48 24 62 49 46
1 17 16 54 21 21 10 31 16 96 80 95 42 12 13 4 77 20 12 69 71 82 92 87 28 35 4 60 79 33 3 50 46
62 93 6 58 50 86 27 60 36 54 48 38 45 1 25 72 48 27 71 36 56 4 61 12 88 36 85 43 72 36 76 36 99
81 49 62 29 65 32 80 48 31 37 12 76 72 41 50 26 82 72 80 22 43 12 11 32 55 3 9 92 22 59 94 95 34
74 71 95 67 48 76 66 10 92 25 56 46 63 28 90 49 19 90 57 80 28 40 26 44 80 59 66 96 31 44 14 15 1
27 45 2 30 89 3 32 61 89 85 44 32 14 15 23 78 62 26 19 82 36 2 58 48 95 13 20 48 48 44 73 54 20
35 52 99 11 33 57 91 57 31 92 94 36 63 13 19 96 93 48 51 63 4 98 90 17 96 88 36 72 61 39 9 43 83
36 32 87 75 64 2 70 46 10 63 86 72 94 19 80 39 89 4 55 67 63 67 83 62 34 98 15 30 7 8 35 74 28
49 98 76 84 47 46 60 73 30 54 99 82 35 50 29 95 54 64 31 8 12 35 69 31 66 32 88 3 94 9 81 14 7
61 56 46 28 27 57 83 96 70 91 91 22 65 36 83 92 39 18 39 71 15 60 33 47 39 5 39 70 80 94 58 2 52
46 36 97 14 95 83 7 7 20 22 55 75 26 87 50 18 43 8 91 34 26 85 92 11 18 72 22 60 49 7 8 29 45
71 98 68 31 11 40 69 19 29 80 48 40 32 20 48 7 22 62 52 92 7 46 74 83 70 9 87 53 68 42 91 87 26
53 41 3 57 86 40 98 32 99 84 82 42 93 48 78 41 60 73 85 50 14 60 35 12 31 7 64 73 91 12 78 41 94
