77 46 46 59 57 51 25 20 17 14 65 31 9 16 22 94 14 53 52 71 69 16 68 45 72 82 58 34 15 40 94 50 13 45 50 1 87 82 52 62 28 68 18 9 53 60 48 15 80 95 48 45 97 81 53 46 22 95 4 24 57 76 21 58 17 40 67 65 89 89 41 57 48 25 97 17 10 32 61 88 40 59 65 39 9 53 59 12 65 69 95 12 50 
83 70 52 38 93 10 70 67 69 87 55 39 13 59 55 77 53 93 13 30 78 41 72 95 43 51 96 17 17 77 25 83 4 64 19 7 22 39 62 42 25 54 94 16 40 44 72 17 93 34 14 72 10 54 12 38 71 67 19 58 14 67 83 17 8 78 20 27 4 58 9 43 18 58 48 30 33 56 66 19 51 15 12 65 58 33 24 77 34 8 9 79 82 
6 34 4 37 45 5 22 47 8 91 48 48 47 19 81 68 28 71 77 60 82 57 72 79 86 11 67 53 55 68 97 51 66 42 16 78 69 14 29 80 85 39 12 25 72 36 21 17 93 75 57 72 26 1 25 24 65 79 87 4 34 62 70 86 20 51 88 5 61 58 14 29 98 97 27 96 5 47 23 64 71 95 12 53 20 29 21 92 96 35 82 67 42 
57 4 57 27 33 12 95 67 71 99 71 94 40 80 25 58 80 82 85 95 93 55 14 6 8 14 51 62 63 14 9 76 51 12 75 43 37 65 71 13 46 59 83 55 56 1 85 82 72 39 45 92 98 78 11 66 80 10 26 97 61 73 40 93 95 72 37 34 27 71 61 89 16 89 56 4 28 34 44 5 9 20 34 56 63 20 88 16 94 57 86 18 60 
8 6 78 43 27 29 24 3 79 98 85 18 30 6 38 50 93 7 80 21 67 31 62 72 48 11 65 40 51 56 41 74 46 78 93 35 57 60 36 40 71 30 40 87 62 59 35 64 38 18 66 26 34 46 95 46 29 13 89 12 78 43 86 79 13 41 58 84 56 27 54 44 56 5 6 2 80 5 62 79 79 54 41 74 61 73 34 87 77 10 29 39 53 
5 65 29 27 15 56 38 67 88 93 15 78 91 44 87 29 50 58 37 46 16 57 87 63 82 59 49 79 26 90 46 22 27 92 5 56 64 37 50 78 9 42 12 96 85 47 25 67 22 10 41 79 36 29 27 58 67 9 25 36 84 19 83 11 2 3 50 72 33 68 20 61 70 52 28 64 67 33 75 10 32 27 67 53 41 70 39 67 49 2 49 33 21 
23 78 81 60 59 84 62 15 69 56 27 48 61 43 65 99 70 67 83 2 83 59 49 89 29 32 38 22 80 81 21 22 8 44 64 77 25 67 36 83 8 35 54 75 39 58 53 41 55 92 42 45 13 35 56 26 74 46 59 15 53 69 69 44 53 3 96 86 21 35 55 54 22 13 23 29 99 34 4 99 84 90 34 8 55 93 74 11 55 10 82 71 77 
36 72 48 25 88 28 94 29 85 89 71 82 63 69 23 52 57 59 73 9 85 87 21 85 96 76 36 89 6 74 85 11 20 23 63 75 13 68 22 26 36 4 67 93 14 90 94 38 60 49 81 11 77 15 75 38 89 67 71 9 12 9 73 69 32 60 90 35 6 47 51 9 26 66 93 28 11 50 64 51 22 1 57 65 68 75 42 36 76 30 9 13 78 
75 36 64 27 53 25 47 6 42 47 67 68 25 69 6 40 86 83 66 16 74 86 55 45 46 39 57 81 88 27 94 54 67 3 89 18 7 19 82 6 2 7 24 32 33 36 17 88 74 23 48 50 14 49 20 65 35 12 6 88 8 54 64 93 43 86 21 83 61 50 52 48 4 40 15 85 92 43 84 27 89 47 19 54 84 38 5 16 99 74 56 71 5 
55 85 93 95 81 24 46 36 95 34 21 51 88 58 3 49 82 9 51 59 60 97 10 55 18 41 11 74 18 76 44 9 9 31 91 42 3 38 53 10 79 82 50 93 86 80 14 20 11 98 83 48 94 94 5 99 16 63 72 32 31 15 18 52 38 15 75 10 54 5 5 42 52 51 33 50 22 66 30 2 69 42 11 38 56 27 95 15 22 42 79 26 46 
41 59 85 41 55 82 67 60 1 97 86 42 22 83 27 59 6 73 84 48 66 26 98 76 41 78 8 33 80 62 3 40 59 51 26 80 44 78 52 85 94 31 18 40 23 67 63 42 77 47 26 7 58 95 9 7 58 78 4 63 28 25 52 26 76 52 1 62 96 98 63 39 13 18 67 17 73 32 33 79 84 27 57 45 5 91 32 48 90 37 88 71 15 
19 35 1 26 48 83 6 27 9 14 50 84 23 36 69 86 39 50 16 52 4 58 86 64 40 67 38 19 35 6 87 42 64 93 17 17 83 30 96 57 97 81 90 87 77 59 19 90 5 57 40 27 42 52 75 23 59 97 8 31 1 51 85 51 73 43 92 98 90 58 28 32 18 51 79 81 7 41 72 2 43 56 68 36 69 29 49 61 52 55 51 22 15 
32 31 27 11 42 95 32 85 39 20 38 37 13 37 20 10 10 49 59 7 69 57 40 9 13 39 22 63 68 53 75 4 97 39 24 35 57 9 32 3 99 42 80 93 36 31 94 36 78 98 95 83 33 48 49 24 14 80 3 84 49 84 89 62 15 9 24 1 97 62 21 10 23 24 54 97 9 17 75 74 84 60 21 35 70 61 73 68 40 10 83 47 54 
88 25 57 35 83 91 88 25 54 97 13 72 24 81 85 84 58 49 30 91 30 7 2 53 33 62 28 93 2 2 49 8 61 31 92 48 65 39 75 42 71 78 82 51 68 93 99 17 50 45 83 1 21 52 14 5 26 32 43 64 31 38 45 47 46 85 62 93 75 50 82 8 42 5 91 48 52 83 82 7 27 43 45 76 36 83 66 91 45 28 47 87 85 
