93 14
77 83 6 57 8 5 23 36 75 55 41 19 32 88
46 70 34 4 6 65 78 72 36 85 59 35 31 25
46 52 4 57 78 29 81 48 64 93 85 1 27 57
59 38 37 27 43 27 60 25 27 95 41 26 11 35
57 93 45 33 27 15 59 88 53 81 55 48 42 83
51 10 5 12 29 56 84 28 25 24 82 83 95 91
25 70 22 95 24 38 62 94 47 46 67 6 32 88
20 67 47 67 3 67 15 29 6 36 60 27 85 25
17 69 8 71 79 88 69 85 42 95 1 9 39 54
14 87 91 99 98 93 56 89 47 34 97 14 20 97
65 55 48 71 85 15 27 71 67 21 86 50 38 13
31 39 48 94 18 78 48 82 68 51 42 84 37 72
9 13 47 40 30 91 61 63 25 88 22 23 13 24
16 59 19 80 6 44 43 69 69 58 83 36 37 81
22 55 81 25 38 87 65 23 6 3 27 69 20 85
94 77 68 58 50 29 99 52 40 49 59 86 10 84
14 53 28 80 93 50 70 57 86 82 6 39 10 58
53 93 71 82 7 58 67 59 83 9 73 50 49 49
52 13 77 85 80 37 83 73 66 51 84 16 59 30
71 30 60 95 21 46 2 9 16 59 48 52 7 91
69 78 82 93 67 16 83 85 74 60 66 4 69 30
16 41 57 55 31 57 59 87 86 97 26 58 57 7
68 72 72 14 62 87 49 21 55 10 98 86 40 2
45 95 79 6 72 63 89 85 45 55 76 64 9 53
72 43 86 8 48 82 29 96 46 18 41 40 13 33
82 51 11 14 11 59 32 76 39 41 78 67 39 62
58 96 67 51 65 49 38 36 57 11 8 38 22 28
34 17 53 62 40 79 22 89 81 74 33 19 63 93
15 17 55 63 51 26 80 6 88 18 80 35 68 2
40 77 68 14 56 90 81 74 27 76 62 6 53 2
94 25 97 9 41 46 21 85 94 44 3 87 75 49
50 83 51 76 74 22 22 11 54 9 40 42 4 8
13 4 66 51 46 27 8 20 67 9 59 64 97 61
45 64 42 12 78 92 44 23 3 31 51 93 39 31
50 19 16 75 93 5 64 63 89 91 26 17 24 92
1 7 78 43 35 56 77 75 18 42 80 17 35 48
87 22 69 37 57 64 25 13 7 3 44 83 57 65
82 39 14 65 60 37 67 68 19 38 78 30 9 39
52 62 29 71 36 50 36 22 82 53 52 96 32 75
62 42 80 13 40 78 83 26 6 10 85 57 3 42
28 25 85 46 71 9 8 36 2 79 94 97 99 71
68 54 39 59 30 42 35 4 7 82 31 81 42 78
18 94 12 83 40 12 54 67 24 50 18 90 80 82
9 16 25 55 87 96 75 93 32 93 40 87 93 51
53 40 72 56 62 85 39 14 33 86 23 77 36 68
60 44 36 1 59 47 58 90 36 80 67 59 31 93
48 72 21 85 35 25 53 94 17 14 63 19 94 99
15 17 17 82 64 67 41 38 88 20 42 90 36 17
80 93 93 72 38 22 55 60 74 11 77 5 78 50
95 34 75 39 18 10 92 49 23 98 47 57 98 45
48 14 57 45 66 41 42 81 48 83 26 40 95 83
45 72 72 92 26 79 45 11 50 48 7 27 83 1
97 10 26 98 34 36 13 77 14 94 58 42 33 21
81 54 1 78 46 29 35 15 49 94 95 52 48 52
53 12 25 11 95 27 56 75 20 5 9 75 49 14
46 38 24 66 46 58 26 38 65 99 7 23 24 5
22 71 65 80 29 67 74 89 35 16 58 59 14 26
95 67 79 10 13 9 46 67 12 63 78 97 80 32
4 19 87 26 89 25 59 71 6 72 4 8 3 43
24 58 4 97 12 36 15 9 88 32 63 31 84 64
57 14 34 61 78 84 53 12 8 31 28 1 49 31
76 67 62 73 43 19 69 9 54 15 25 51 84 38
21 83 70 40 86 83 69 73 64 18 52 85 89 45
58 17 86 93 79 11 44 69 93 52 26 51 62 47
17 8 20 95 13 2 53 32 43 38 76 73 15 46
40 78 51 72 41 3 3 60 86 15 52 43 9 85
67 20 88 37 58 50 96 90 21 75 1 92 24 62
65 27 5 34 84 72 86 35 83 10 62 98 1 93
89 4 61 27 56 33 21 6 61 54 96 90 97 75
89 58 58 71 27 68 35 47 50 5 98 58 62 50
41 9 14 61 54 20 55 51 52 5 63 28 21 82
57 43 29 89 44 61 54 9 48 42 39 32 10 8
48 18 98 16 56 70 22 26 4 52 13 18 23 42
25 58 97 89 5 52 13 66 40 51 18 51 24 5
97 48 27 56 6 28 23 93 15 33 67 79 54 91
17 30 96 4 2 64 29 28 85 50 17 81 97 48
10 33 5 28 80 67 99 11 92 22 73 7 9 52
32 56 47 34 5 33 34 50 43 66 32 41 17 83
61 66 23 44 62 75 4 64 84 30 33 72 75 82
88 19 64 5 79 10 99 51 27 2 79 2 74 7
40 51 71 9 79 32 84 22 89 69 84 43 84 27
59 15 95 20 54 27 90 1 47 42 27 56 60 43
65 12 12 34 41 67 34 57 19 11 57 68 21 45
39 65 53 56 74 53 8 65 54 38 45 36 35 76
9 58 20 63 61 41 55 68 84 56 5 69 70 36
53 33 29 20 73 70 93 75 38 27 91 29 61 83
59 24 21 88 34 39 74 42 5 95 32 49 73 66
12 77 92 16 87 67 11 36 16 15 48 61 68 91
65 34 96 94 77 49 55 76 99 22 90 52 40 45
69 8 35 57 10 2 10 30 74 42 37 55 10 28
95 9 82 86 29 49 82 9 56 79 88 51 83 47
12 79 67 18 39 33 71 13 71 26 71 22 47 87
50 82 42 60 53 21 77 78 5 46 15 15 54 85
