53 5
85 79 80 42 55
58 83 68 49 61
85 93 22 84 72
27 39 70 17 15
45 3 94 33 36
46 57 99 36 84
72 80 4 90 4
66 53 78 1 26
50 33 2 3 39
28 58 9 25 44
12 33 42 60 97
34 63 13 65 22
79 34 49 39 79
81 44 68 72 52
96 4 69 34 86
27 85 48 91 57
29 56 78 39 77
23 30 49 82 67
28 28 3 69 86
95 50 44 79 90
39 89 40 88 45
61 15 28 69 23
6 62 40 16 35
70 38 20 60 24
41 22 50 67 16
68 47 95 82 36
6 96 84 99 12
21 71 93 6 57
1 58 40 23 71
82 51 90 96 82
69 21 66 54 82
48 74 7 40 12
72 80 49 3 57
24 98 61 67 90
12 34 63 45 83
58 88 35 32 60
74 20 23 1 82
54 25 69 55 89
25 1 89 54 76
42 94 48 17 90
12 41 81 7 41
17 85 24 49 2
12 82 86 5 96
59 21 71 38 91
91 31 7 30 12
42 80 13 54 49
32 49 86 59 53
7 67 48 69 22
9 93 39 71 27
25 41 58 52 6
49 94 26 65 2
80 46 77 25 2
99 41 89 98 85
