53 32 16 23 51 85 30 93 13 34 38 51 23 43 54 64 
58 35 96 63 15 11 72 45 13 22 60 2 28 53 29 32 
88 29 58 33 58 83 84 4 55 22 79 82 56 83 38 24 
23 19 23 24 99 72 18 26 27 37 25 10 16 42 79 19 
68 57 99 95 9 95 78 52 82 77 78 92 23 78 88 14 
2 68 17 24 92 19 29 50 85 52 34 79 65 5 46 80 
75 55 94 81 80 25 15 63 41 99 88 79 1 86 92 94 
36 99 42 75 5 89 20 22 30 44 25 20 9 69 95 44 
54 54 4 57 22 1 50 61 79 82 60 44 57 47 62 30 
8 92 78 56 9 28 93 33 27 48 80 62 35 43 33 50 
9 89 10 37 65 51 93 84 56 4 41 3 96 59 62 48 
86 71 55 81 53 93 94 42 81 11 22 79 43 92 64 40 
20 92 4 4 38 11 32 32 76 6 70 13 87 97 88 33 
23 28 34 60 63 3 32 78 86 44 58 43 60 48 84 31 
85 40 35 75 77 91 46 80 27 26 23 70 79 10 60 19 
32 48 26 88 35 99 16 58 9 33 78 21 69 25 30 10 
80 1 93 5 69 98 62 84 51 12 82 70 14 96 58 72 
3 13 85 13 20 88 21 97 22 20 41 64 8 51 68 29 
23 64 89 42 40 75 83 5 62 93 61 12 52 53 40 45 
76 35 13 21 80 36 45 79 88 56 28 85 58 74 69 67 
44 13 84 61 3 5 54 63 24 30 15 42 92 87 55 97 
56 54 2 72 48 97 43 26 27 71 49 85 6 6 76 16 
52 57 29 99 6 83 98 26 29 73 74 40 50 21 59 47 
13 85 73 8 54 39 60 4 91 10 73 85 55 46 26 28 
83 56 19 64 95 25 7 24 99 78 53 75 14 48 1 54 
74 23 26 71 75 17 1 67 14 97 17 58 3 14 84 59 
85 38 85 25 99 70 69 48 71 43 23 87 36 78 57 68 
65 2 56 65 84 78 68 69 13 99 8 53 23 76 31 77 
41 55 64 62 75 78 77 99 98 40 57 24 79 16 61 45 
43 77 38 76 81 49 45 78 77 70 92 62 43 23 48 35 
83 25 50 51 54 44 72 11 4 6 11 50 64 87 76 89 
86 91 83 83 57 38 35 76 98 19 15 72 98 2 68 72 
11 2 85 11 35 45 63 80 25 56 41 21 29 70 73 10 
89 43 20 77 79 30 29 19 22 94 25 96 76 4 48 9 
39 40 47 47 76 52 31 75 3 75 83 35 29 80 93 57 
18 4 32 71 79 40 95 71 78 48 97 27 47 51 57 8 
4 68 59 71 23 69 19 83 21 70 98 22 56 25 15 25 
73 67 33 29 77 84 59 76 23 33 2 53 49 90 58 42 
2 50 64 98 83 24 29 13 91 5 3 21 58 88 91 52 
12 73 99 64 15 4 86 4 88 53 28 87 47 44 85 32 
1 44 7 32 43 23 87 97 49 22 43 99 69 31 84 36 
70 40 9 23 37 81 58 78 45 55 89 25 62 39 32 44 
10 12 47 47 98 82 87 81 14 59 59 32 34 27 96 56 
78 4 95 23 81 64 96 9 27 22 94 62 91 55 72 32 
45 4 98 85 15 25 1 6 41 89 46 98 39 96 33 50 
23 72 27 69 62 17 73 81 60 39 72 10 51 65 88 13 
21 4 55 11 44 97 83 65 74 3 62 90 44 2 71 85 
33 95 6 59 16 84 32 67 7 10 7 40 20 22 87 83 
37 27 10 73 61 79 14 66 56 1 96 58 6 38 27 19 
66 95 71 7 42 92 38 53 96 58 53 40 48 56 83 18 
35 53 67 40 17 76 49 66 22 58 76 18 35 48 72 14 
65 40 92 78 90 9 66 64 96 5 75 32 52 30 96 83 
