16 52
53 58 88 23 68 2 75 36 54 8 9 86 20 23 85 32 80 3 23 76 44 56 52 13 83 74 85 65 41 43 83 86 11 89 39 18 4 73 2 12 1 70 10 78 45 23 21 33 37 66 35 65
32 35 29 19 57 68 55 99 54 92 89 71 92 28 40 48 1 13 64 35 13 54 57 85 56 23 38 2 55 77 25 91 2 43 40 4 68 67 50 73 44 40 12 4 4 72 4 95 27 95 53 40
16 96 58 23 99 17 94 42 4 78 10 55 4 34 35 26 93 85 89 13 84 2 29 73 19 26 85 56 64 38 50 83 85 20 47 32 59 33 64 99 7 9 47 95 98 27 55 6 10 71 67 92
23 63 33 24 95 24 81 75 57 56 37 81 4 60 75 88 5 13 42 21 61 72 99 8 64 71 25 65 62 76 51 83 11 77 47 71 71 29 98 64 32 23 47 23 85 69 11 59 73 7 40 78
51 15 58 99 9 92 80 5 22 9 65 53 38 63 77 35 69 20 40 80 3 48 6 54 95 75 99 84 75 81 54 57 35 79 76 79 23 77 83 15 43 37 98 81 15 62 44 16 61 42 17 90
85 11 83 72 95 19 25 89 1 28 51 93 11 3 91 99 98 88 75 36 5 97 83 39 25 17 70 78 78 49 44 38 45 30 52 40 69 84 24 4 23 81 82 64 25 17 97 84 79 92 76 9
30 72 84 18 78 29 15 20 50 93 93 94 32 32 46 16 62 21 83 45 54 43 98 60 7 1 69 68 77 45 72 35 63 29 31 95 19 59 29 86 87 58 87 96 1 73 83 32 14 38 49 66
93 45 4 26 52 50 63 22 61 33 84 42 32 78 80 58 84 97 5 79 63 26 26 4 24 67 48 69 99 78 11 76 80 19 75 71 83 76 13 4 97 78 81 9 6 81 65 67 66 53 66 64
13 13 55 27 82 85 41 30 79 27 56 81 76 86 27 9 51 22 62 88 24 27 29 91 99 14 71 13 98 77 4 98 25 22 3 78 21 23 91 88 49 45 14 27 41 60 74 7 56 96 22 96
34 22 22 37 77 52 99 44 82 48 4 11 6 44 26 33 12 20 93 56 30 71 73 10 78 97 43 99 40 70 6 19 56 94 75 48 70 33 5 53 22 55 59 22 89 39 3 10 1 58 58 5
38 60 79 25 78 34 88 25 60 80 41 22 70 58 23 78 82 41 61 28 15 49 74 73 53 17 23 8 57 92 11 15 41 25 83 97 98 2 3 28 43 89 59 94 46 72 62 7 96 53 76 75
51 2 82 10 92 79 79 20 44 62 3 79 13 43 70 21 70 64 12 85 42 85 40 85 75 58 87 53 24 62 50 72 21 96 35 27 22 53 21 87 99 25 32 62 98 10 90 40 58 40 18 32
23 28 56 16 23 65 1 9 57 35 96 43 87 60 79 69 14 8 52 58 92 6 50 55 14 3 36 23 79 43 64 98 29 76 29 47 56 49 58 47 69 62 34 91 39 51 44 20 6 48 35 52
43 53 83 42 78 5 86 69 47 43 59 92 97 48 10 25 96 51 53 74 87 6 21 46 48 14 78 76 16 23 87 2 70 4 80 51 25 90 88 44 31 39 27 55 96 65 2 22 38 56 48 30
54 29 38 79 88 46 92 95 62 33 62 64 88 84 60 30 58 68 40 69 55 76 59 26 1 84 57 31 61 48 76 68 73 48 93 57 15 58 91 85 84 32 96 72 33 88 71 87 27 83 72 96
64 32 24 19 14 80 94 44 30 50 48 40 33 31 19 10 72 29 45 67 97 16 47 28 54 59 68 77 45 35 89 72 10 9 57 8 25 42 52 32 36 44 56 32 50 13 85 83 19 18 14 83
