1 24 51 96 42 35 91 40 17 3 4 96 95 98 26 78 78 35 99 12 20 3 66 12 52 34 65 71 93 25 95 86 2 49 41 47 61 6 72 54 24 61 50 34 69 
6 15 71 84 73 34 47 54 38 84 67 32 66 89 93 29 95 76 43 78 68 63 10 71 46 40 19 20 66 74 99 38 46 26 60 81 8 94 38 56 93 63 91 38 15 
69 43 30 36 71 28 36 7 89 3 77 33 48 25 34 63 34 51 24 11 74 16 40 39 99 46 36 88 94 56 11 80 53 64 58 34 70 11 81 81 34 3 85 7 55 
32 44 47 11 90 98 36 24 93 41 96 83 87 66 37 11 5 85 91 64 50 94 17 77 43 59 69 61 46 32 1 91 35 2 65 26 21 82 73 66 37 10 44 28 22 
36 79 63 54 44 78 12 53 26 71 29 89 76 60 33 93 20 37 30 9 94 97 17 93 93 85 51 15 79 21 28 98 12 69 40 97 19 66 6 18 4 89 63 29 79 
31 89 65 70 62 31 18 42 45 28 8 97 14 59 27 74 2 50 89 81 89 56 88 59 93 54 79 59 89 76 94 67 37 56 21 89 12 33 32 75 89 9 99 5 82 
95 87 58 50 76 95 92 74 46 34 80 64 56 87 3 20 92 19 19 10 34 29 38 24 22 33 51 48 97 80 45 34 30 17 49 29 87 44 92 56 28 98 33 8 12 
20 42 6 81 28 25 87 85 36 34 54 75 66 89 55 18 9 26 42 42 25 2 1 32 78 95 85 67 5 15 55 91 60 87 16 20 82 8 8 85 99 19 82 17 99 
19 96 13 71 31 95 24 29 71 44 20 98 20 59 62 67 63 84 93 88 61 1 4 66 9 92 23 87 51 74 95 50 10 25 20 41 53 78 4 76 43 5 23 99 61 
60 7 96 91 69 55 51 65 4 20 90 86 21 82 30 27 90 81 4 94 73 9 78 5 46 87 26 99 87 80 3 28 24 91 6 41 93 61 17 44 98 34 30 76 3 
10 30 11 29 93 40 1 52 82 48 8 85 22 42 7 28 35 75 41 46 5 79 47 24 2 44 32 53 67 59 8 59 74 59 40 1 94 62 87 6 31 48 24 75 69 
54 26 76 30 10 58 85 3 49 87 12 31 65 60 7 98 3 43 98 70 38 94 58 38 29 89 27 6 35 89 56 37 29 69 29 94 57 46 89 98 27 35 29 99 34 
94 24 12 57 49 50 20 7 17 43 54 8 2 61 5 88 78 53 1 69 74 77 77 24 90 17 78 69 79 60 13 79 10 72 96 36 30 86 98 71 24 25 33 6 99 
78 56 80 53 25 76 78 97 23 75 43 60 27 58 61 32 41 20 2 46 23 40 92 51 9 99 52 9 57 37 76 85 56 48 33 84 15 76 62 84 87 99 21 75 57 
94 60 10 61 45 25 87 4 61 6 73 15 59 92 53 55 84 91 90 60 84 13 63 3 5 63 23 26 6 4 3 50 26 43 74 82 74 42 34 36 97 79 41 91 63 
55 75 3 16 28 99 37 85 53 70 7 43 53 77 47 43 24 5 45 6 79 90 23 65 28 41 34 8 23 64 72 77 23 20 13 79 87 46 89 97 32 64 78 41 80 
41 9 77 87 21 98 75 39 27 19 46 47 9 38 83 88 67 49 76 74 42 94 54 38 98 96 92 79 60 70 63 71 71 22 27 84 56 52 3 12 98 77 24 86 10 
41 69 62 29 79 3 36 13 84 75 25 97 17 98 54 22 18 56 30 21 87 89 13 91 76 71 80 23 83 40 8 82 28 51 18 21 83 37 87 57 31 38 47 37 40 
93 79 90 83 47 42 22 48 80 61 99 77 42 73 91 59 48 36 69 5 84 75 21 91 89 29 81 50 85 84 28 83 1 26 87 28 89 1 9 46 82 33 16 66 45 
27 39 61 64 91 47 84 88 16 49 21 96 74 5 49 64 3 49 9 73 71 20 93 89 4 1 18 72 54 83 59 29 83 18 23 82 13 26 8 28 80 84 65 61 30 
81 96 32 63 55 72 54 6 50 10 39 55 49 95 98 84 80 91 35 2 92 32 88 46 20 93 37 44 28 75 15 48 39 76 2 62 78 30 97 9 4 77 51 84 11 
91 13 66 67 20 43 6 20 14 44 94 38 76 10 86 55 69 85 61 93 79 10 53 35 64 74 31 19 37 65 38 48 9 24 6 76 19 6 76 54 8 33 53 18 43 
14 26 86 55 80 36 78 89 94 41 65 21 90 83 82 69 60 5 16 26 70 70 30 68 79 45 17 73 81 70 42 94 28 51 99 11 1 85 54 5 33 18 70 51 36 
72 40 15 99 60 42 58 39 43 36 73 75 59 98 54 48 33 61 62 9 12 41 64 45 52 67 14 16 6 17 34 12 62 84 77 80 66 74 9 3 65 19 73 19 24 
8 88 29 10 94 58 33 28 76 67 28 50 61 93 94 52 37 97 50 10 69 15 50 30 68 20 48 95 17 78 11 65 22 68 68 10 97 71 65 10 8 66 61 90 3 
13 45 63 13 66 73 89 7 15 50 90 9 12 34 37 18 61 23 35 54 33 68 94 3 7 69 79 77 60 15 48 14 11 63 42 83 96 34 35 17 33 55 42 17 7 
64 24 69 8 88 26 33 78 47 75 76 15 54 80 22 30 55 59 64 80 18 97 50 15 54 8 26 55 51 47 38 9 31 74 16 56 34 9 96 67 5 86 28 23 82 
36 97 7 26 65 82 36 11 67 28 23 22 77 97 84 61 99 29 67 73 82 88 48 26 19 16 51 55 11 51 30 27 45 32 92 37 38 37 76 5 69 16 39 88 6 
98 69 24 25 4 37 21 17 69 42 29 96 10 50 88 31 6 38 22 28 46 43 88 78 14 5 33 61 45 33 97 62 75 31 80 9 70 65 74 50 14 60 72 36 15 
38 82 33 39 47 44 43 67 78 93 82 29 85 21 17 94 10 30 72 92 92 55 58 96 9 8 61 52 99 71 56 94 64 49 16 92 97 53 35 45 40 38 30 70 47 
7 74 12 5 32 44 3 15 20 16 97 77 77 21 91 65 25 81 29 17 61 9 79 37 30 13 47 39 18 18 77 95 69 34 33 87 31 93 21 14 81 7 66 7 64 
31 31 74 97 41 38 83 88 33 61 47 12 44 91 85 46 23 51 33 85 89 82 80 49 62 90 35 47 52 60 64 35 7 62 99 23 8 55 99 31 33 65 24 23 5 
4 60 15 64 73 72 42 95 2 45 37 80 99 13 75 30 58 41 69 36 86 53 31 74 20 98 17 99 36 65 59 49 55 61 43 27 49 19 80 65 21 32 4 51 32 
58 74 32 30 17 71 39 18 51 59 93 22 29 48 70 96 42 41 90 45 9 97 46 61 58 6 42 39 17 70 92 94 81 2 80 92 51 57 79 26 10 63 67 71 9 
88 54 72 76 35 12 6 18 79 60 31 18 87 2 33 17 5 24 26 54 30 34 65 16 97 91 99 90 80 18 93 55 32 59 6 48 48 25 29 23 93 68 47 42 78 
4 11 67 10 17 38 99 93 99 87 49 82 66 24 87 8 53 69 85 98 42 94 76 88 62 57 88 31 32 92 52 90 4 55 80 29 3 41 92 43 18 52 46 15 83 
38 33 60 62 48 67 9 18 53 10 29 10 25 48 20 70 5 73 99 65 72 31 53 97 75 7 58 32 76 68 57 44 50 19 45 73 80 41 43 3 89 72 58 75 51 
