45 37
1 6 69 32 36 31 95 20 19 60 10 54 94 78 94 55 41 41 93 27 81 91 14 72 8 13 64 36 98 38 7 31 4 58 88 4 38
24 15 43 44 79 89 87 42 96 7 30 26 24 56 60 75 9 69 79 39 96 13 26 40 88 45 24 97 69 82 74 31 60 74 54 11 33
51 71 30 47 63 65 58 6 13 96 11 76 12 80 10 3 77 62 90 61 32 66 86 15 29 63 69 7 24 33 12 74 15 32 72 67 60
96 84 36 11 54 70 50 81 71 91 29 30 57 53 61 16 87 29 83 64 63 67 55 99 10 13 8 26 25 39 5 97 64 30 76 10 62
42 73 71 90 44 62 76 28 31 69 93 10 49 25 45 28 21 79 47 91 55 20 80 60 94 66 88 65 4 47 32 41 73 17 35 17 48
35 34 28 98 78 31 95 25 95 55 40 58 50 76 25 99 98 3 42 47 72 43 36 42 58 73 26 82 37 44 44 38 72 71 12 38 67
91 47 36 36 12 18 92 87 24 51 1 85 20 78 87 37 75 36 22 84 54 6 78 58 33 89 33 36 21 43 3 83 42 39 6 99 9
40 54 7 24 53 42 74 85 29 65 52 3 7 97 4 85 39 13 48 88 6 20 89 39 28 7 78 11 17 67 15 88 95 18 18 93 18
17 38 89 93 26 45 46 36 71 4 82 49 17 23 61 53 27 84 80 16 50 14 94 43 76 15 47 67 69 78 20 33 2 51 79 99 53
3 84 3 41 71 28 34 34 44 20 48 87 43 75 6 70 19 75 61 49 10 44 41 36 67 50 75 28 42 93 16 61 45 59 60 87 10
4 67 77 96 29 8 80 54 20 90 8 12 54 43 73 7 46 25 99 21 39 94 65 73 28 90 76 23 29 82 97 47 37 93 31 49 29
96 32 33 83 89 97 64 75 98 86 85 31 8 60 15 43 47 97 77 96 55 38 21 75 50 9 15 22 96 29 77 12 80 22 18 82 10
95 66 48 87 76 14 56 66 20 21 22 65 2 27 59 53 9 17 42 74 49 76 90 59 61 12 54 77 10 85 77 44 99 29 87 66 25
98 89 25 66 60 59 87 89 59 82 42 60 61 58 92 77 38 98 73 5 95 10 83 98 93 34 80 97 50 21 21 91 13 48 2 24 48
26 93 34 37 33 27 3 55 62 30 7 7 5 61 53 47 83 54 91 49 98 86 82 54 94 37 22 84 88 17 91 85 75 70 33 87 20
78 29 63 11 93 74 20 18 67 27 28 98 88 32 55 43 88 22 59 64 84 55 69 48 52 18 30 61 31 94 65 46 30 96 17 8 70
78 95 34 5 20 2 92 9 63 90 35 3 78 41 84 24 67 18 48 3 80 69 60 33 37 61 55 99 6 10 25 23 58 42 5 53 5
35 76 51 85 37 50 19 26 84 81 75 43 53 20 91 5 49 56 36 49 91 85 5 61 97 23 59 29 38 30 81 51 41 41 24 69 73
99 43 24 91 30 89 19 42 93 4 41 98 1 2 90 45 76 30 69 9 35 61 16 62 50 35 64 67 22 72 29 33 69 90 26 85 99
12 78 11 64 9 81 10 42 88 94 46 70 69 46 60 6 74 21 5 73 2 93 26 9 10 54 80 73 28 92 17 85 36 45 54 98 65
20 68 74 50 94 89 34 25 61 73 5 38 74 23 84 79 42 87 84 71 92 79 70 12 69 33 18 82 46 92 61 89 86 9 30 42 72
3 63 16 94 97 56 29 2 1 9 79 94 77 40 13 90 94 89 75 20 32 10 70 41 15 68 97 88 43 55 9 82 53 97 34 94 31
66 10 40 17 17 88 38 1 4 78 47 58 77 92 63 23 54 13 21 93 88 53 30 64 50 94 50 48 88 58 79 80 31 46 65 76 53
12 71 39 77 93 59 24 32 66 5 24 38 24 51 3 65 38 91 91 89 46 35 68 45 30 3 15 26 78 96 37 49 74 61 16 88 97
52 46 99 43 93 93 22 78 9 46 2 29 90 9 5 28 98 76 89 4 20 64 79 52 68 7 54 19 14 9 30 62 20 58 97 62 75
34 40 46 59 85 54 33 95 92 87 44 89 17 99 63 41 96 71 29 1 93 74 45 67 20 69 8 16 5 8 13 90 98 6 91 57 7
65 19 36 69 51 79 51 85 23 26 32 27 78 52 23 34 92 80 81 18 37 31 17 14 48 79 26 51 33 61 47 35 17 42 99 88 58
71 20 88 61 15 59 48 67 87 99 53 6 69 9 26 8 79 23 50 72 44 19 73 16 95 77 55 55 61 52 39 47 99 39 90 31 32
93 66 94 46 79 89 97 5 51 87 67 35 79 57 6 23 60 83 85 54 28 37 81 6 17 60 51 11 45 99 18 52 36 17 80 32 76
25 74 56 32 21 76 80 15 74 80 59 89 60 37 4 64 70 40 84 83 75 65 70 17 78 15 47 51 33 71 18 60 65 70 18 92 68
95 99 11 1 28 94 45 55 95 3 8 56 13 76 3 72 63 8 28 59 15 38 42 34 11 48 38 30 97 56 77 64 59 92 93 52 57
86 38 80 91 98 67 34 91 50 28 59 37 79 85 50 77 71 82 83 29 48 48 94 12 65 14 9 27 62 94 95 35 49 94 55 90 44
2 46 53 35 12 37 30 60 10 24 74 29 10 56 26 23 71 28 1 83 39 9 28 62 22 11 31 45 75 64 69 7 55 81 32 4 50
49 26 64 2 69 56 17 87 25 91 59 69 72 48 43 20 22 51 26 18 76 24 51 84 68 63 74 32 31 49 34 62 61 2 59 55 19
41 60 58 65 40 21 49 16 20 6 40 29 96 33 74 13 27 18 87 23 2 6 99 77 68 42 16 92 80 16 33 99 43 80 6 80 45
47 81 34 26 97 89 29 20 41 41 1 94 36 84 82 79 84 21 28 82 62 76 11 80 10 83 56 37 9 92 87 23 27 92 48 29 73
61 8 70 21 19 12 87 82 53 93 94 57 30 15 74 87 56 83 89 13 78 19 1 66 97 96 34 38 70 97 31 8 49 51 48 3 80
6 94 11 82 66 33 44 8 78 61 62 46 86 76 42 46 52 37 1 26 30 6 85 74 71 34 9 37 65 53 93 55 19 57 25 41 41
72 38 81 73 6 32 92 8 4 17 87 89 98 62 34 89 3 87 9 8 97 76 54 9 65 35 96 76 74 35 21 99 80 79 29 92 43
54 56 81 66 18 75 56 85 76 44 6 98 71 84 36 97 12 57 46 28 9 54 5 3 10 17 67 5 50 45 14 31 65 26 23 43 3
24 93 34 37 4 89 28 99 43 98 31 27 24 87 97 32 98 31 82 80 4 8 33 65 8 33 5 69 14 40 81 33 21 10 93 18 89
61 63 3 10 89 9 98 19 5 34 48 35 25 99 79 64 77 38 33 84 77 33 18 19 66 55 86 16 60 38 7 65 32 63 68 52 72
50 91 85 44 63 99 33 82 23 30 24 29 33 21 41 78 24 47 16 65 51 53 70 73 61 42 28 39 72 30 66 24 4 67 47 46 58
34 38 7 28 29 5 8 17 99 76 75 99 6 75 91 41 86 37 66 61 84 18 51 19 90 17 23 88 36 70 7 23 51 71 42 15 75
69 15 55 22 79 82 12 99 61 3 69 34 99 57 63 80 10 40 45 30 11 43 36 24 3 7 82 6 15 47 64 5 32 9 78 83 51
