12
2
6051 6868 398
9208 7161 2832
15
5065 3382 5811
1117 658 5087
5548 9050 7528
695 3093 8139
1616 3031 5066
856 4444 2952
9802 7936 4323
7408 233 555
6080 529 370
3641 6525 3006
6765 8686 5774
6407 163 1136
7128 4387 7
4885 2670 3616
7708 9797 8371
9
9150 5571 5692
4116 2224 3271
1246 2390 3076
3840 5835 6439
3228 3014 9697
981 8575 2733
8274 9313 6229
6103 540 866
2977 9246 9944
2
2910 4953 4677
8279 5909 4073
10
4024 4572 6142
6605 5317 3762
7450 4260 8246
5000 1046 9342
6104 457 6665
5989 5975 899
7781 194 167
4688 8972 1305
5918 6526 8946
1680 4202 4805
16
9350 7260 2229
2698 2315 5679
9149 5937 8069
772 3912 2518
3666 6182 4119
6917 7856 9041
4780 8778 4221
6426 734 227
3470 6437 7390
189 5635 4919
3632 3354 9657
6984 8389 6484
7862 5791 6099
5560 5799 3660
7700 2810 7851
4930 4938 6156
12
1789 8505 1460
6653 4239 4542
6078 1154 4839
7971 5629 5006
9191 9853 2850
8744 4561 6423
5454 275 586
8563 5484 5936
1904 4878 1234
4327 9095 404
4505 6205 670
52 2403 5233
14
5435 1988 9106
2568 4210 9664
9812 851 8739
2991 4922 6334
9719 5934 7102
3631 2080 6574
5062 2128 7582
5459 8476 4941
2928 7529 4693
7085 986 8013
7092 2684 8323
3479 9962 263
395 5959 7302
2501 2393 7806
2
2083 2400 3716
2873 5449 9032
2
926 2923 972
5615 9179 9563
16
8438 9421 7609
9448 2651 6911
1525 36 1464
2202 4639 5296
4112 9145 3822
967 201 4031
6801 3809 1495
3525 3880 5561
9392 8857 3574
3636 7841 9534
397 7998 6019
9869 5066 9402
4322 983 1315
7519 8365 7467
1326 6402 8984
9163 5970 3463
12
1780 9519 982
8651 9768 2511
7923 3533 3412
6402 9040 6867
7751 9404 3393
7574 8729 4590
8784 7903 1689
5314 4988 4223
983 8518 8178
6493 2606 3993
6932 1624 1002
9179 9348 6953
