4
4
4361 3670 9891
2915 167 9106
7884 8029 2323
860 1379 3589
15
1194 9428 1220
2586 2120 3516
279 609 6403
4701 4743 9413
9718 279 4568
4817 1371 3346
6537 2435 2498
1049 5365 6264
8491 2392 955
7127 6588 1693
7287 7364 1982
6133 3696 2512
5946 2749 3423
2476 5572 5811
6024 7017 2627
10
2147 1008 4113
6947 8544 1255
3043 2432 8565
5319 3199 8308
4540 6519 6560
7449 6350 5585
5700 9662 8704
4967 1270 385
2856 4304 2250
5423 7165 5171
10
258 303 7451
6148 8182 8438
5799 3127 3274
2362 9441 3788
9980 7126 120
2676 3186 3280
3944 6789 9437
4957 1575 9149
5712 5641 7849
4875 2151 7716
