8
20
5136 2163 8903
2355 4677 9977
8431 1637 7340
4410 3291 5934
1460 2338 3292
2027 2442 2323
512 4192 2798
9777 34 5246
195 944 1814
2398 2032 6238
9018 9448 3202
9774 4506 5884
2883 7959 4386
797 240 3413
7395 6722 3427
4470 681 8104
2835 5667 1958
3143 8042 1204
1416 2464 3713
5596 4598 6509
9
2803 7097 4256
3437 6483 6154
6683 4480 1966
7990 2487 3498
6618 9536 5936
8452 4641 9710
4018 9155 7237
5727 1877 1297
6228 9226 3105
18
7551 7488 6679
5671 8247 6743
2090 5519 7145
1316 8602 592
9167 2881 3528
5249 7841 7727
5216 3207 1685
6439 4747 5698
4594 9410 6739
3282 5739 5370
4250 9978 7512
343 7249 2319
6062 2750 3460
3770 8453 6645
698 8111 9946
5248 9215 2358
7225 8534 3282
4207 6169 6347
17
7947 5637 88
865 6464 5689
6077 7238 3823
6651 4618 5104
7549 8794 8159
3007 8064 4302
6597 2900 5539
9471 5098 7078
6057 4500 3614
4946 1250 9616
3769 3162 7153
5717 4678 5999
3000 9063 1664
4971 7873 1085
1800 5239 730
1187 9179 8389
2680 9726 1741
17
758 8503 5063
6627 6588 6292
3975 8970 2214
7444 7984 3938
7114 2938 5679
2065 980 1969
1997 7152 998
7922 7329 6177
7842 7777 698
6490 8825 7427
4047 5448 672
8995 4668 9300
9615 1422 8264
906 6690 6415
8794 6984 3460
4661 3557 9788
5273 8174 9477
17
6690 8568 4140
311 8470 9845
6233 2309 4221
8950 4005 2929
5787 9848 9936
20 8306 1615
6227 2975 7693
1312 8567 557
1596 539 5976
452 5983 9690
2059 4727 9089
7709 3033 2350
2014 9354 6450
7804 2790 3331
3448 7875 5775
2986 4348 6128
7596 9595 2484
1
1725 2655 8484
4
8227 4856 3481
2994 7843 4520
6935 1206 3033
6885 1679 5126
