5
12
1911 9587 6382
9363 7714 1455
4751 7209 9175
106 4640 1539
2360 3956 7163
4153 2891 8407
3880 1311 5040
6602 2088 2482
6482 6378 1401
2138 1953 7756
7730 7598 8937
1319 8649 3596
8
3003 1572 3032
6452 6463 3415
3795 4196 6339
7624 8319 4185
2017 3416 4290
1694 7854 4258
9721 632 7843
5749 7487 7243
14
2684 9852 1957
3522 6325 8605
9697 1731 7310
2237 9869 6412
8974 6572 3766
3235 2645 3936
9827 8184 6431
2960 1818 7875
8097 8409 8751
4554 6577 5449
1257 4402 7124
6489 645 4684
8096 4269 4796
2669 2677 3152
14
6539 7762 6825
3222 8518 4646
9200 9948 1604
3697 4538 3204
2700 3191 4064
3956 3929 8074
1781 8166 8006
5635 1645 7146
5427 5708 723
2645 8908 9522
172 4435 1634
9981 7038 4737
2099 3048 4356
9151 8174 5887
4
9932 6379 3906
6778 4659 659
9465 4002 9979
6712 4718 3947
